0 1
1 0
0 2
2 0
0 3
3 0
0 4
4 0
0 5
5 0
0 6
6 0
0 7
7 0
0 8
8 0
0 9
9 0
0 10
10 0
0 11
11 0
0 12
12 0
0 13
13 0
0 14
14 0
0 15
15 0
0 16
16 0
0 17
17 0
0 18
18 0
0 19
19 0
0 20
20 0
0 21
21 0
0 22
22 0
0 23
23 0
0 24
24 0
0 25
25 0
0 26
26 0
0 27
27 0
0 28
28 0
0 29
29 0
0 30
30 0
0 31
31 0
0 32
32 0
0 33
33 0
0 34
34 0
0 35
35 0
0 36
36 0
0 37
37 0
0 38
38 0
0 39
39 0
0 40
40 0
0 41
41 0
0 42
42 0
0 43
43 0
0 44
44 0
0 45
45 0
0 46
46 0
0 47
47 0
0 48
48 0
0 49
49 0
0 50
50 0
0 51
51 0
0 52
52 0
0 53
53 0
0 54
54 0
0 55
55 0
0 56
56 0
0 57
57 0
0 58
58 0
0 59
59 0
0 60
60 0
0 61
61 0
0 62
62 0
0 63
63 0
0 64
64 0
0 65
65 0
0 66
66 0
0 67
67 0
0 68
68 0
0 69
69 0
0 70
70 0
0 71
71 0
0 72
72 0
0 73
73 0
0 74
74 0
0 75
75 0
0 76
76 0
0 77
77 0
0 78
78 0
0 79
79 0
0 80
80 0
0 81
81 0
0 82
82 0
0 83
83 0
0 84
84 0
0 85
85 0
0 86
86 0
0 87
87 0
0 88
88 0
0 89
89 0
0 90
90 0
0 91
91 0
0 92
92 0
0 93
93 0
0 94
94 0
0 95
95 0
0 96
96 0
0 97
97 0
0 98
98 0
0 99
99 0
0 100
100 0
0 101
101 0
0 102
102 0
0 103
103 0
0 104
104 0
0 105
105 0
0 106
106 0
0 107
107 0
0 108
108 0
1 4
4 1
1 6
6 1
1 109
109 1
1 110
110 1
1 9
9 1
1 11
11 1
1 16
16 1
1 17
17 1
1 18
18 1
1 20
20 1
1 111
111 1
1 24
24 1
1 112
112 1
1 25
25 1
1 26
26 1
1 29
29 1
1 31
31 1
1 32
32 1
1 33
33 1
1 35
35 1
1 36
36 1
1 37
37 1
1 113
113 1
1 114
114 1
1 115
115 1
1 40
40 1
1 43
43 1
1 45
45 1
1 48
48 1
1 49
49 1
1 54
54 1
1 116
116 1
1 58
58 1
1 59
59 1
1 60
60 1
1 61
61 1
1 63
63 1
1 65
65 1
1 66
66 1
1 68
68 1
1 69
69 1
1 70
70 1
1 71
71 1
1 74
74 1
1 75
75 1
1 82
82 1
1 85
85 1
1 117
117 1
1 118
118 1
1 119
119 1
1 90
90 1
1 93
93 1
1 94
94 1
1 96
96 1
1 100
100 1
1 101
101 1
1 102
102 1
1 105
105 1
1 120
120 1
1 121
121 1
1 106
106 1
1 122
122 1
123 124
124 123
123 4
4 123
123 5
5 123
123 7
7 123
123 109
109 123
123 8
8 123
123 125
125 123
123 126
126 123
123 127
127 123
123 13
13 123
123 128
128 123
123 129
129 123
123 15
15 123
123 16
16 123
123 130
130 123
123 19
19 123
123 20
20 123
123 21
21 123
123 22
22 123
123 23
23 123
123 27
27 123
123 28
28 123
123 29
29 123
123 32
32 123
123 35
35 123
123 114
114 123
123 131
131 123
123 40
40 123
123 41
41 123
123 44
44 123
123 46
46 123
123 48
48 123
123 132
132 123
123 53
53 123
123 55
55 123
123 64
64 123
123 133
133 123
123 72
72 123
123 74
74 123
123 76
76 123
123 78
78 123
123 134
134 123
123 79
79 123
123 80
80 123
123 117
117 123
123 135
135 123
123 136
136 123
123 93
93 123
123 137
137 123
123 106
106 123
2 124
124 2
2 138
138 2
2 5
5 2
2 7
7 2
2 139
139 2
2 125
125 2
2 129
129 2
2 16
16 2
2 19
19 2
2 21
21 2
2 22
22 2
2 140
140 2
2 24
24 2
2 25
25 2
2 29
29 2
2 32
32 2
2 40
40 2
2 45
45 2
2 132
132 2
2 141
141 2
2 133
133 2
2 71
71 2
2 142
142 2
2 72
72 2
2 74
74 2
2 80
80 2
2 119
119 2
2 91
91 2
2 135
135 2
2 136
136 2
2 137
137 2
2 95
95 2
2 143
143 2
2 107
107 2
2 144
144 2
124 138
138 124
124 4
4 124
124 7
7 124
124 109
109 124
124 145
145 124
124 8
8 124
124 9
9 124
124 125
125 124
124 14
14 124
124 128
128 124
124 129
129 124
124 16
16 124
124 130
130 124
124 18
18 124
124 19
19 124
124 20
20 124
124 21
21 124
124 24
24 124
124 112
112 124
124 25
25 124
124 27
27 124
124 28
28 124
124 29
29 124
124 32
32 124
124 35
35 124
124 36
36 124
124 115
115 124
124 40
40 124
124 41
41 124
124 48
48 124
124 53
53 124
124 116
116 124
124 60
60 124
124 61
61 124
124 146
146 124
124 65
65 124
124 133
133 124
124 147
147 124
124 142
142 124
124 72
72 124
124 73
73 124
124 148
148 124
124 76
76 124
124 78
78 124
124 79
79 124
124 80
80 124
124 86
86 124
124 90
90 124
124 91
91 124
124 135
135 124
124 149
149 124
124 136
136 124
124 150
150 124
124 96
96 124
124 121
121 124
3 5
5 3
3 6
6 3
3 8
8 3
3 15
15 3
3 20
20 3
3 22
22 3
3 23
23 3
3 26
26 3
3 27
27 3
3 29
29 3
3 38
38 3
3 41
41 3
3 42
42 3
3 44
44 3
3 46
46 3
3 47
47 3
3 55
55 3
3 69
69 3
3 75
75 3
3 77
77 3
3 151
151 3
3 80
80 3
3 81
81 3
3 82
82 3
3 93
93 3
3 104
104 3
3 152
152 3
3 105
105 3
138 4
4 138
138 5
5 138
138 6
6 138
138 7
7 138
138 109
109 138
138 153
153 138
138 154
154 138
138 145
145 138
138 8
8 138
138 125
125 138
138 126
126 138
138 155
155 138
138 10
10 138
138 11
11 138
138 127
127 138
138 13
13 138
138 14
14 138
138 128
128 138
138 129
129 138
138 15
15 138
138 156
156 138
138 157
157 138
138 16
16 138
138 130
130 138
138 18
18 138
138 19
19 138
138 20
20 138
138 158
158 138
138 21
21 138
138 22
22 138
138 140
140 138
138 111
111 138
138 24
24 138
138 112
112 138
138 25
25 138
138 27
27 138
138 159
159 138
138 28
28 138
138 29
29 138
138 30
30 138
138 32
32 138
138 33
33 138
138 160
160 138
138 35
35 138
138 36
36 138
138 37
37 138
138 113
113 138
138 38
38 138
138 114
114 138
138 131
131 138
138 40
40 138
138 41
41 138
138 43
43 138
138 44
44 138
138 45
45 138
138 47
47 138
138 48
48 138
138 49
49 138
138 132
132 138
138 161
161 138
138 162
162 138
138 163
163 138
138 51
51 138
138 53
53 138
138 54
54 138
138 164
164 138
138 56
56 138
138 57
57 138
138 165
165 138
138 166
166 138
138 58
58 138
138 167
167 138
138 61
61 138
138 168
168 138
138 63
63 138
138 64
64 138
138 146
146 138
138 169
169 138
138 170
170 138
138 65
65 138
138 141
141 138
138 68
68 138
138 171
171 138
138 172
172 138
138 133
133 138
138 147
147 138
138 173
173 138
138 71
71 138
138 142
142 138
138 72
72 138
138 73
73 138
138 148
148 138
138 174
174 138
138 175
175 138
138 176
176 138
138 74
74 138
138 76
76 138
138 77
77 138
138 177
177 138
138 78
78 138
138 134
134 138
138 178
178 138
138 79
79 138
138 179
179 138
138 180
180 138
138 80
80 138
138 181
181 138
138 82
82 138
138 83
83 138
138 182
182 138
138 183
183 138
138 85
85 138
138 117
117 138
138 86
86 138
138 184
184 138
138 185
185 138
138 90
90 138
138 186
186 138
138 187
187 138
138 91
91 138
138 135
135 138
138 149
149 138
138 188
188 138
138 189
189 138
138 136
136 138
138 190
190 138
138 92
92 138
138 191
191 138
138 192
192 138
138 93
93 138
138 137
137 138
138 193
193 138
138 95
95 138
138 194
194 138
138 99
99 138
138 143
143 138
138 195
195 138
138 100
100 138
138 196
196 138
138 101
101 138
138 197
197 138
138 198
198 138
138 199
199 138
138 200
200 138
138 201
201 138
138 103
103 138
138 202
202 138
138 203
203 138
138 152
152 138
138 120
120 138
138 204
204 138
138 205
205 138
138 206
206 138
138 207
207 138
138 208
208 138
138 209
209 138
138 106
106 138
138 210
210 138
138 144
144 138
138 108
108 138
4 5
5 4
4 6
6 4
4 7
7 4
4 109
109 4
4 110
110 4
4 9
9 4
4 125
125 4
4 10
10 4
4 11
11 4
4 12
12 4
4 128
128 4
4 129
129 4
4 15
15 4
4 16
16 4
4 17
17 4
4 19
19 4
4 20
20 4
4 21
21 4
4 22
22 4
4 23
23 4
4 24
24 4
4 112
112 4
4 25
25 4
4 26
26 4
4 27
27 4
4 28
28 4
4 30
30 4
4 31
31 4
4 32
32 4
4 33
33 4
4 34
34 4
4 35
35 4
4 37
37 4
4 38
38 4
4 114
114 4
4 131
131 4
4 40
40 4
4 41
41 4
4 44
44 4
4 45
45 4
4 46
46 4
4 47
47 4
4 48
48 4
4 50
50 4
4 51
51 4
4 52
52 4
4 53
53 4
4 55
55 4
4 116
116 4
4 60
60 4
4 61
61 4
4 62
62 4
4 63
63 4
4 64
64 4
4 146
146 4
4 65
65 4
4 66
66 4
4 69
69 4
4 133
133 4
4 71
71 4
4 72
72 4
4 74
74 4
4 75
75 4
4 76
76 4
4 77
77 4
4 78
78 4
4 79
79 4
4 80
80 4
4 82
82 4
4 83
83 4
4 87
87 4
4 184
184 4
4 187
187 4
4 135
135 4
4 149
149 4
4 136
136 4
4 93
93 4
4 94
94 4
4 137
137 4
4 96
96 4
4 97
97 4
4 98
98 4
4 200
200 4
4 103
103 4
4 104
104 4
4 105
105 4
4 207
207 4
4 121
121 4
4 106
106 4
4 144
144 4
5 6
6 5
5 7
7 5
5 109
109 5
5 211
211 5
5 8
8 5
5 9
9 5
5 125
125 5
5 126
126 5
5 10
10 5
5 11
11 5
5 12
12 5
5 128
128 5
5 15
15 5
5 16
16 5
5 17
17 5
5 19
19 5
5 20
20 5
5 21
21 5
5 22
22 5
5 23
23 5
5 24
24 5
5 112
112 5
5 25
25 5
5 26
26 5
5 27
27 5
5 28
28 5
5 29
29 5
5 30
30 5
5 31
31 5
5 32
32 5
5 33
33 5
5 34
34 5
5 35
35 5
5 36
36 5
5 38
38 5
5 114
114 5
5 39
39 5
5 40
40 5
5 41
41 5
5 42
42 5
5 44
44 5
5 45
45 5
5 46
46 5
5 47
47 5
5 48
48 5
5 50
50 5
5 163
163 5
5 51
51 5
5 52
52 5
5 53
53 5
5 55
55 5
5 116
116 5
5 59
59 5
5 60
60 5
5 62
62 5
5 64
64 5
5 146
146 5
5 65
65 5
5 66
66 5
5 69
69 5
5 133
133 5
5 71
71 5
5 72
72 5
5 74
74 5
5 75
75 5
5 76
76 5
5 77
77 5
5 78
78 5
5 79
79 5
5 80
80 5
5 81
81 5
5 82
82 5
5 83
83 5
5 88
88 5
5 91
91 5
5 135
135 5
5 93
93 5
5 94
94 5
5 137
137 5
5 95
95 5
5 96
96 5
5 97
97 5
5 100
100 5
5 102
102 5
5 103
103 5
5 104
104 5
5 152
152 5
5 105
105 5
5 121
121 5
5 212
212 5
5 106
106 5
5 107
107 5
5 108
108 5
6 7
7 6
6 109
109 6
6 110
110 6
6 9
9 6
6 125
125 6
6 126
126 6
6 10
10 6
6 11
11 6
6 12
12 6
6 13
13 6
6 128
128 6
6 15
15 6
6 16
16 6
6 17
17 6
6 19
19 6
6 22
22 6
6 23
23 6
6 24
24 6
6 112
112 6
6 26
26 6
6 27
27 6
6 28
28 6
6 29
29 6
6 31
31 6
6 32
32 6
6 33
33 6
6 34
34 6
6 35
35 6
6 36
36 6
6 37
37 6
6 38
38 6
6 114
114 6
6 131
131 6
6 40
40 6
6 41
41 6
6 42
42 6
6 44
44 6
6 45
45 6
6 46
46 6
6 47
47 6
6 48
48 6
6 49
49 6
6 50
50 6
6 163
163 6
6 53
53 6
6 55
55 6
6 116
116 6
6 60
60 6
6 63
63 6
6 146
146 6
6 65
65 6
6 69
69 6
6 133
133 6
6 71
71 6
6 74
74 6
6 75
75 6
6 76
76 6
6 77
77 6
6 78
78 6
6 79
79 6
6 81
81 6
6 82
82 6
6 91
91 6
6 135
135 6
6 93
93 6
6 137
137 6
6 104
104 6
6 105
105 6
6 121
121 6
6 106
106 6
213 8
8 213
213 117
117 213
213 92
92 213
213 95
95 213
213 214
214 213
7 145
145 7
7 8
8 7
7 9
9 7
7 125
125 7
7 126
126 7
7 10
10 7
7 11
11 7
7 12
12 7
7 13
13 7
7 128
128 7
7 129
129 7
7 15
15 7
7 16
16 7
7 130
130 7
7 19
19 7
7 20
20 7
7 21
21 7
7 22
22 7
7 111
111 7
7 24
24 7
7 112
112 7
7 25
25 7
7 27
27 7
7 28
28 7
7 29
29 7
7 30
30 7
7 32
32 7
7 33
33 7
7 160
160 7
7 35
35 7
7 37
37 7
7 38
38 7
7 114
114 7
7 131
131 7
7 40
40 7
7 41
41 7
7 44
44 7
7 45
45 7
7 47
47 7
7 48
48 7
7 53
53 7
7 55
55 7
7 116
116 7
7 60
60 7
7 61
61 7
7 146
146 7
7 133
133 7
7 72
72 7
7 74
74 7
7 76
76 7
7 77
77 7
7 78
78 7
7 79
79 7
7 80
80 7
7 82
82 7
7 119
119 7
7 91
91 7
7 135
135 7
7 149
149 7
7 136
136 7
7 137
137 7
7 95
95 7
7 195
195 7
7 100
100 7
7 212
212 7
7 106
106 7
7 144
144 7
109 9
9 109
109 126
126 109
109 11
11 109
109 127
127 109
109 12
12 109
109 129
129 109
109 19
19 109
109 20
20 109
109 21
21 109
109 22
22 109
109 24
24 109
109 112
112 109
109 25
25 109
109 27
27 109
109 28
28 109
109 29
29 109
109 32
32 109
109 160
160 109
109 35
35 109
109 37
37 109
109 114
114 109
109 131
131 109
109 40
40 109
109 41
41 109
109 42
42 109
109 45
45 109
109 47
47 109
109 132
132 109
109 116
116 109
109 146
146 109
109 133
133 109
109 142
142 109
109 72
72 109
109 74
74 109
109 76
76 109
109 134
134 109
109 79
79 109
109 80
80 109
109 91
91 109
109 106
106 109
109 215
215 109
109 144
144 109
153 154
154 153
153 156
156 153
153 157
157 153
153 216
216 153
153 162
162 153
153 51
51 153
153 164
164 153
153 168
168 153
153 146
146 153
153 169
169 153
153 171
171 153
153 173
173 153
153 174
174 153
153 175
175 153
153 179
179 153
153 183
183 153
153 184
184 153
153 149
149 153
153 188
188 153
153 189
189 153
153 190
190 153
153 192
192 153
153 194
194 153
153 196
196 153
153 199
199 153
153 204
204 153
153 207
207 153
153 209
209 153
153 210
210 153
211 11
11 211
211 12
12 211
211 114
114 211
211 41
41 211
211 47
47 211
211 51
51 211
211 133
133 211
211 175
175 211
211 78
78 211
211 82
82 211
211 106
106 211
154 126
126 154
154 127
127 154
154 156
156 154
154 157
157 154
154 21
21 154
154 216
216 154
154 160
160 154
154 114
114 154
154 161
161 154
154 162
162 154
154 164
164 154
154 61
61 154
154 168
168 154
154 146
146 154
154 171
171 154
154 172
172 154
154 173
173 154
154 174
174 154
154 175
175 154
154 179
179 154
154 180
180 154
154 183
183 154
154 184
184 154
154 149
149 154
154 188
188 154
154 189
189 154
154 190
190 154
154 192
192 154
154 194
194 154
154 196
196 154
154 199
199 154
154 203
203 154
154 204
204 154
154 208
208 154
154 209
209 154
154 210
210 154
110 9
9 110
110 125
125 110
110 11
11 110
110 13
13 110
110 16
16 110
110 18
18 110
110 19
19 110
110 20
20 110
110 24
24 110
110 112
112 110
110 25
25 110
110 27
27 110
110 28
28 110
110 32
32 110
110 33
33 110
110 35
35 110
110 37
37 110
110 114
114 110
110 115
115 110
110 40
40 110
110 44
44 110
110 45
45 110
110 47
47 110
110 48
48 110
110 53
53 110
110 57
57 110
110 116
116 110
110 60
60 110
110 61
61 110
110 63
63 110
110 65
65 110
110 66
66 110
110 133
133 110
110 71
71 110
110 72
72 110
110 73
73 110
110 74
74 110
110 75
75 110
110 76
76 110
110 78
78 110
110 217
217 110
110 82
82 110
110 83
83 110
110 85
85 110
110 119
119 110
110 184
184 110
110 90
90 110
110 93
93 110
110 218
218 110
110 96
96 110
110 121
121 110
110 106
106 110
110 144
144 110
139 27
27 139
139 141
141 139
139 219
219 139
139 104
104 139
139 205
205 139
139 220
220 139
145 11
11 145
145 12
12 145
145 128
128 145
145 140
140 145
145 159
159 145
145 31
31 145
145 32
32 145
145 33
33 145
145 37
37 145
145 114
114 145
145 40
40 145
145 42
42 145
145 51
51 145
145 116
116 145
145 166
166 145
145 146
146 145
145 148
148 145
145 221
221 145
145 182
182 145
145 119
119 145
145 135
135 145
145 149
149 145
145 100
100 145
145 222
222 145
8 10
10 8
8 127
127 8
8 14
14 8
8 16
16 8
8 20
20 8
8 21
21 8
8 22
22 8
8 140
140 8
8 24
24 8
8 25
25 8
8 28
28 8
8 29
29 8
8 30
30 8
8 32
32 8
8 34
34 8
8 37
37 8
8 114
114 8
8 39
39 8
8 40
40 8
8 45
45 8
8 48
48 8
8 53
53 8
8 133
133 8
8 71
71 8
8 142
142 8
8 72
72 8
8 75
75 8
8 134
134 8
8 79
79 8
8 151
151 8
8 80
80 8
8 118
118 8
8 88
88 8
8 91
91 8
8 135
135 8
8 149
149 8
8 223
223 8
8 92
92 8
8 150
150 8
8 137
137 8
8 95
95 8
8 214
214 8
8 97
97 8
8 143
143 8
8 195
195 8
8 224
224 8
8 120
120 8
8 225
225 8
8 107
107 8
9 126
126 9
9 10
10 9
9 11
11 9
9 12
12 9
9 128
128 9
9 129
129 9
9 15
15 9
9 19
19 9
9 20
20 9
9 23
23 9
9 24
24 9
9 112
112 9
9 25
25 9
9 27
27 9
9 28
28 9
9 29
29 9
9 31
31 9
9 32
32 9
9 33
33 9
9 35
35 9
9 37
37 9
9 38
38 9
9 114
114 9
9 39
39 9
9 115
115 9
9 40
40 9
9 41
41 9
9 44
44 9
9 45
45 9
9 47
47 9
9 48
48 9
9 49
49 9
9 50
50 9
9 52
52 9
9 53
53 9
9 55
55 9
9 57
57 9
9 116
116 9
9 58
58 9
9 59
59 9
9 60
60 9
9 61
61 9
9 62
62 9
9 65
65 9
9 66
66 9
9 133
133 9
9 71
71 9
9 73
73 9
9 148
148 9
9 74
74 9
9 75
75 9
9 76
76 9
9 77
77 9
9 78
78 9
9 79
79 9
9 151
151 9
9 82
82 9
9 83
83 9
9 84
84 9
9 85
85 9
9 86
86 9
9 119
119 9
9 93
93 9
9 94
94 9
9 218
218 9
9 96
96 9
9 97
97 9
9 102
102 9
9 104
104 9
9 105
105 9
9 121
121 9
9 106
106 9
9 144
144 9
125 10
10 125
125 11
11 125
125 12
12 125
125 13
13 125
125 128
128 125
125 129
129 125
125 15
15 125
125 19
19 125
125 20
20 125
125 21
21 125
125 23
23 125
125 25
25 125
125 27
27 125
125 28
28 125
125 31
31 125
125 32
32 125
125 35
35 125
125 113
113 125
125 114
114 125
125 115
115 125
125 131
131 125
125 40
40 125
125 41
41 125
125 44
44 125
125 45
45 125
125 48
48 125
125 53
53 125
125 55
55 125
125 57
57 125
125 61
61 125
125 64
64 125
125 146
146 125
125 141
141 125
125 133
133 125
125 147
147 125
125 71
71 125
125 142
142 125
125 72
72 125
125 74
74 125
125 76
76 125
125 77
77 125
125 78
78 125
125 79
79 125
125 80
80 125
125 82
82 125
125 91
91 125
125 135
135 125
125 149
149 125
125 136
136 125
125 93
93 125
125 94
94 125
125 137
137 125
125 218
218 125
125 96
96 125
125 226
226 125
125 121
121 125
125 106
106 125
125 144
144 125
126 11
11 126
126 127
127 126
126 12
12 126
126 128
128 126
126 129
129 126
126 19
19 126
126 20
20 126
126 21
21 126
126 216
216 126
126 112
112 126
126 27
27 126
126 29
29 126
126 32
32 126
126 160
160 126
126 35
35 126
126 114
114 126
126 131
131 126
126 40
40 126
126 41
41 126
126 42
42 126
126 45
45 126
126 46
46 126
126 47
47 126
126 48
48 126
126 161
161 126
126 53
53 126
126 61
61 126
126 146
146 126
126 169
169 126
126 172
172 126
126 133
133 126
126 142
142 126
126 72
72 126
126 76
76 126
126 79
79 126
126 180
180 126
126 80
80 126
126 117
117 126
126 149
149 126
126 192
192 126
126 227
227 126
126 228
228 126
126 144
144 126
126 108
108 126
155 21
21 155
155 216
216 155
155 26
26 155
155 167
167 155
155 146
146 155
155 142
142 155
155 183
183 155
155 149
149 155
155 188
188 155
155 229
229 155
155 209
209 155
10 128
128 10
10 15
15 10
10 19
19 10
10 20
20 10
10 22
22 10
10 23
23 10
10 25
25 10
10 27
27 10
10 28
28 10
10 29
29 10
10 35
35 10
10 38
38 10
10 40
40 10
10 41
41 10
10 42
42 10
10 44
44 10
10 46
46 10
10 47
47 10
10 48
48 10
10 163
163 10
10 53
53 10
10 55
55 10
10 166
166 10
10 60
60 10
10 62
62 10
10 133
133 10
10 72
72 10
10 76
76 10
10 77
77 10
10 78
78 10
10 79
79 10
10 82
82 10
10 135
135 10
10 93
93 10
10 103
103 10
10 106
106 10
11 128
128 11
11 15
15 11
11 17
17 11
11 18
18 11
11 19
19 11
11 20
20 11
11 21
21 11
11 22
22 11
11 23
23 11
11 24
24 11
11 112
112 11
11 25
25 11
11 26
26 11
11 27
27 11
11 28
28 11
11 32
32 11
11 35
35 11
11 38
38 11
11 40
40 11
11 41
41 11
11 42
42 11
11 44
44 11
11 46
46 11
11 47
47 11
11 48
48 11
11 49
49 11
11 163
163 11
11 53
53 11
11 55
55 11
11 116
116 11
11 166
166 11
11 60
60 11
11 61
61 11
11 64
64 11
11 146
146 11
11 65
65 11
11 69
69 11
11 133
133 11
11 70
70 11
11 230
230 11
11 148
148 11
11 75
75 11
11 76
76 11
11 77
77 11
11 78
78 11
11 79
79 11
11 81
81 11
11 82
82 11
11 86
86 11
11 89
89 11
11 135
135 11
11 93
93 11
11 137
137 11
11 96
96 11
11 104
104 11
11 105
105 11
11 121
121 11
11 106
106 11
127 14
14 127
127 156
156 127
127 16
16 127
127 18
18 127
127 158
158 127
127 21
21 127
127 216
216 127
127 29
29 127
127 30
30 127
127 40
40 127
127 43
43 127
127 132
132 127
127 164
164 127
127 61
61 127
127 168
168 127
127 146
146 127
127 169
169 127
127 171
171 127
127 147
147 127
127 173
173 127
127 142
142 127
127 73
73 127
127 175
175 127
127 221
221 127
127 79
79 127
127 179
179 127
127 80
80 127
127 182
182 127
127 183
183 127
127 86
86 127
127 184
184 127
127 186
186 127
127 149
149 127
127 188
188 127
127 189
189 127
127 190
190 127
127 191
191 127
127 192
192 127
127 193
193 127
127 95
95 127
127 194
194 127
127 196
196 127
127 203
203 127
127 208
208 127
127 209
209 127
127 228
228 127
127 210
210 127
12 128
128 12
12 15
15 12
12 130
130 12
12 19
19 12
12 20
20 12
12 21
21 12
12 22
22 12
12 23
23 12
12 26
26 12
12 27
27 12
12 28
28 12
12 32
32 12
12 35
35 12
12 36
36 12
12 38
38 12
12 40
40 12
12 41
41 12
12 42
42 12
12 44
44 12
12 46
46 12
12 47
47 12
12 48
48 12
12 163
163 12
12 53
53 12
12 55
55 12
12 116
116 12
12 60
60 12
12 146
146 12
12 65
65 12
12 69
69 12
12 133
133 12
12 71
71 12
12 72
72 12
12 76
76 12
12 77
77 12
12 78
78 12
12 79
79 12
12 80
80 12
12 81
81 12
12 82
82 12
12 119
119 12
12 135
135 12
12 93
93 12
12 137
137 12
12 104
104 12
12 105
105 12
12 121
121 12
12 106
106 12
13 128
128 13
13 16
16 13
13 130
130 13
13 19
19 13
13 22
22 13
13 23
23 13
13 25
25 13
13 159
159 13
13 28
28 13
13 29
29 13
13 35
35 13
13 114
114 13
13 40
40 13
13 45
45 13
13 47
47 13
13 53
53 13
13 146
146 13
13 71
71 13
13 72
72 13
13 76
76 13
13 80
80 13
13 83
83 13
14 16
16 14
14 130
130 14
14 19
19 14
14 20
20 14
14 158
158 14
14 21
21 14
14 140
140 14
14 111
111 14
14 30
30 14
14 231
231 14
14 160
160 14
14 35
35 14
14 114
114 14
14 45
45 14
14 132
132 14
14 51
51 14
14 54
54 14
14 164
164 14
14 57
57 14
14 167
167 14
14 146
146 14
14 141
141 14
14 172
172 14
14 133
133 14
14 147
147 14
14 142
142 14
14 72
72 14
14 73
73 14
14 134
134 14
14 79
79 14
14 80
80 14
14 181
181 14
14 83
83 14
14 85
85 14
14 119
119 14
14 185
185 14
14 187
187 14
14 91
91 14
14 135
135 14
14 149
149 14
14 92
92 14
14 191
191 14
14 150
150 14
14 137
137 14
14 95
95 14
14 99
99 14
14 143
143 14
14 195
195 14
14 224
224 14
14 120
120 14
14 205
205 14
14 212
212 14
14 107
107 14
14 108
108 14
128 129
129 128
128 15
15 128
128 16
16 128
128 19
19 128
128 20
20 128
128 21
21 128
128 22
22 128
128 23
23 128
128 24
24 128
128 112
112 128
128 27
27 128
128 28
28 128
128 29
29 128
128 231
231 128
128 32
32 128
128 160
160 128
128 35
35 128
128 38
38 128
128 114
114 128
128 131
131 128
128 40
40 128
128 41
41 128
128 44
44 128
128 45
45 128
128 46
46 128
128 47
47 128
128 48
48 128
128 51
51 128
128 53
53 128
128 55
55 128
128 116
116 128
128 60
60 128
128 146
146 128
128 133
133 128
128 72
72 128
128 76
76 128
128 79
79 128
128 80
80 128
128 91
91 128
128 135
135 128
128 149
149 128
128 136
136 128
128 137
137 128
128 95
95 128
128 195
195 128
128 106
106 128
129 19
19 129
129 20
20 129
129 21
21 129
129 24
24 129
129 112
112 129
129 25
25 129
129 28
28 129
129 29
29 129
129 32
32 129
129 35
35 129
129 36
36 129
129 114
114 129
129 115
115 129
129 131
131 129
129 40
40 129
129 41
41 129
129 45
45 129
129 48
48 129
129 132
132 129
129 53
53 129
129 116
116 129
129 60
60 129
129 133
133 129
129 72
72 129
129 74
74 129
129 76
76 129
129 79
79 129
129 80
80 129
129 119
119 129
129 91
91 129
129 135
135 129
129 136
136 129
129 150
150 129
129 93
93 129
129 137
137 129
129 95
95 129
129 100
100 129
129 200
200 129
129 121
121 129
129 106
106 129
129 107
107 129
129 144
144 129
15 19
19 15
15 20
20 15
15 21
21 15
15 22
22 15
15 23
23 15
15 112
112 15
15 26
26 15
15 27
27 15
15 28
28 15
15 29
29 15
15 32
32 15
15 34
34 15
15 35
35 15
15 37
37 15
15 38
38 15
15 114
114 15
15 39
39 15
15 131
131 15
15 40
40 15
15 41
41 15
15 42
42 15
15 44
44 15
15 45
45 15
15 46
46 15
15 47
47 15
15 48
48 15
15 50
50 15
15 163
163 15
15 51
51 15
15 52
52 15
15 53
53 15
15 55
55 15
15 59
59 15
15 64
64 15
15 67
67 15
15 69
69 15
15 71
71 15
15 72
72 15
15 76
76 15
15 77
77 15
15 78
78 15
15 79
79 15
15 82
82 15
15 119
119 15
15 88
88 15
15 135
135 15
15 93
93 15
15 137
137 15
15 232
232 15
15 95
95 15
15 97
97 15
15 100
100 15
15 104
104 15
15 105
105 15
233 27
27 233
233 234
234 233
233 232
232 233
233 219
219 233
233 235
235 233
233 104
104 233
233 236
236 233
233 237
237 233
233 238
238 233
233 220
220 233
233 239
239 233
233 240
240 233
233 241
241 233
233 242
242 233
156 157
157 156
156 21
21 156
156 22
22 156
156 216
216 156
156 40
40 156
156 161
161 156
156 162
162 156
156 51
51 156
156 164
164 156
156 165
165 156
156 61
61 156
156 168
168 156
156 146
146 156
156 169
169 156
156 171
171 156
156 172
172 156
156 173
173 156
156 73
73 156
156 174
174 156
156 175
175 156
156 176
176 156
156 134
134 156
156 178
178 156
156 179
179 156
156 183
183 156
156 86
86 156
156 184
184 156
156 243
243 156
156 149
149 156
156 188
188 156
156 189
189 156
156 190
190 156
156 192
192 156
156 194
194 156
156 196
196 156
156 197
197 156
156 199
199 156
156 204
204 156
156 208
208 156
156 209
209 156
156 210
210 156
157 18
18 157
157 21
21 157
157 216
216 157
157 26
26 157
157 40
40 157
157 43
43 157
157 162
162 157
157 164
164 157
157 244
244 157
157 61
61 157
157 168
168 157
157 146
146 157
157 169
169 157
157 171
171 157
157 173
173 157
157 73
73 157
157 174
174 157
157 175
175 157
157 221
221 157
157 179
179 157
157 182
182 157
157 183
183 157
157 184
184 157
157 149
149 157
157 188
188 157
157 189
189 157
157 190
190 157
157 192
192 157
157 193
193 157
157 194
194 157
157 196
196 157
157 201
201 157
157 203
203 157
157 204
204 157
157 208
208 157
157 209
209 157
157 245
245 157
157 246
246 157
157 210
210 157
16 130
130 16
16 18
18 16
16 19
19 16
16 20
20 16
16 21
21 16
16 22
22 16
16 24
24 16
16 25
25 16
16 27
27 16
16 28
28 16
16 29
29 16
16 32
32 16
16 36
36 16
16 115
115 16
16 40
40 16
16 43
43 16
16 45
45 16
16 49
49 16
16 132
132 16
16 53
53 16
16 56
56 16
16 57
57 16
16 116
116 16
16 61
61 16
16 63
63 16
16 146
146 16
16 65
65 16
16 66
66 16
16 133
133 16
16 70
70 16
16 71
71 16
16 72
72 16
16 73
73 16
16 74
74 16
16 75
75 16
16 76
76 16
16 80
80 16
16 217
217 16
16 82
82 16
16 83
83 16
16 85
85 16
16 117
117 16
16 86
86 16
16 119
119 16
16 91
91 16
16 136
136 16
16 92
92 16
16 191
191 16
16 93
93 16
16 218
218 16
16 95
95 16
16 105
105 16
16 205
205 16
16 144
144 16
130 19
19 130
130 22
22 130
130 24
24 130
130 25
25 130
130 26
26 130
130 29
29 130
130 31
31 130
130 32
32 130
130 114
114 130
130 40
40 130
130 41
41 130
130 45
45 130
130 57
57 130
130 61
61 130
130 63
63 130
130 146
146 130
130 170
170 130
130 141
141 130
130 133
133 130
130 71
71 130
130 142
142 130
130 79
79 130
130 80
80 130
130 83
83 130
130 117
117 130
130 119
119 130
130 149
149 130
130 144
144 130
130 247
247 130
17 18
18 17
17 22
22 17
17 111
111 17
17 24
24 17
17 26
26 17
17 31
31 17
17 32
32 17
17 33
33 17
17 36
36 17
17 37
37 17
17 113
113 17
17 38
38 17
17 115
115 17
17 41
41 17
17 43
43 17
17 44
44 17
17 45
45 17
17 49
49 17
17 60
60 17
17 63
63 17
17 65
65 17
17 66
66 17
17 68
68 17
17 69
69 17
17 70
70 17
17 71
71 17
17 74
74 17
17 75
75 17
17 81
81 17
17 82
82 17
17 119
119 17
17 90
90 17
17 93
93 17
17 94
94 17
17 218
218 17
17 100
100 17
17 105
105 17
17 248
248 17
17 122
122 17
18 19
19 18
18 20
20 18
18 22
22 18
18 111
111 18
18 24
24 18
18 25
25 18
18 26
26 18
18 27
27 18
18 29
29 18
18 31
31 18
18 32
32 18
18 33
33 18
18 36
36 18
18 37
37 18
18 113
113 18
18 38
38 18
18 114
114 18
18 115
115 18
18 40
40 18
18 43
43 18
18 45
45 18
18 49
49 18
18 161
161 18
18 53
53 18
18 54
54 18
18 56
56 18
18 57
57 18
18 116
116 18
18 165
165 18
18 58
58 18
18 244
244 18
18 60
60 18
18 63
63 18
18 146
146 18
18 169
169 18
18 65
65 18
18 66
66 18
18 68
68 18
18 171
171 18
18 172
172 18
18 133
133 18
18 70
70 18
18 71
71 18
18 73
73 18
18 74
74 18
18 75
75 18
18 221
221 18
18 217
217 18
18 82
82 18
18 83
83 18
18 182
182 18
18 85
85 18
18 86
86 18
18 119
119 18
18 89
89 18
18 90
90 18
18 186
186 18
18 149
149 18
18 188
188 18
18 190
190 18
18 93
93 18
18 94
94 18
18 218
218 18
18 193
193 18
18 98
98 18
18 101
101 18
18 198
198 18
18 105
105 18
18 120
120 18
18 209
209 18
18 245
245 18
18 246
246 18
18 121
121 18
18 249
249 18
18 144
144 18
18 108
108 18
18 122
122 18
19 20
20 19
19 21
21 19
19 22
22 19
19 23
23 19
19 111
111 19
19 24
24 19
19 112
112 19
19 25
25 19
19 27
27 19
19 28
28 19
19 29
29 19
19 32
32 19
19 33
33 19
19 34
34 19
19 35
35 19
19 37
37 19
19 38
38 19
19 114
114 19
19 115
115 19
19 131
131 19
19 40
40 19
19 41
41 19
19 44
44 19
19 45
45 19
19 46
46 19
19 47
47 19
19 48
48 19
19 49
49 19
19 132
132 19
19 163
163 19
19 53
53 19
19 55
55 19
19 164
164 19
19 56
56 19
19 57
57 19
19 116
116 19
19 60
60 19
19 61
61 19
19 63
63 19
19 146
146 19
19 65
65 19
19 133
133 19
19 147
147 19
19 71
71 19
19 72
72 19
19 73
73 19
19 74
74 19
19 75
75 19
19 76
76 19
19 77
77 19
19 78
78 19
19 79
79 19
19 80
80 19
19 82
82 19
19 83
83 19
19 85
85 19
19 86
86 19
19 119
119 19
19 91
91 19
19 135
135 19
19 149
149 19
19 136
136 19
19 93
93 19
19 137
137 19
19 95
95 19
19 200
200 19
19 121
121 19
19 106
106 19
19 247
247 19
20 21
21 20
20 22
22 20
20 23
23 20
20 24
24 20
20 112
112 20
20 25
25 20
20 26
26 20
20 27
27 20
20 28
28 20
20 29
29 20
20 31
31 20
20 32
32 20
20 33
33 20
20 34
34 20
20 35
35 20
20 37
37 20
20 38
38 20
20 114
114 20
20 39
39 20
20 115
115 20
20 131
131 20
20 40
40 20
20 41
41 20
20 44
44 20
20 45
45 20
20 46
46 20
20 47
47 20
20 48
48 20
20 49
49 20
20 50
50 20
20 163
163 20
20 51
51 20
20 52
52 20
20 53
53 20
20 55
55 20
20 116
116 20
20 60
60 20
20 61
61 20
20 62
62 20
20 63
63 20
20 64
64 20
20 146
146 20
20 170
170 20
20 65
65 20
20 66
66 20
20 67
67 20
20 69
69 20
20 133
133 20
20 250
250 20
20 71
71 20
20 72
72 20
20 74
74 20
20 75
75 20
20 77
77 20
20 78
78 20
20 79
79 20
20 151
151 20
20 80
80 20
20 217
217 20
20 82
82 20
20 85
85 20
20 87
87 20
20 119
119 20
20 88
88 20
20 91
91 20
20 135
135 20
20 149
149 20
20 93
93 20
20 137
137 20
20 218
218 20
20 95
95 20
20 96
96 20
20 97
97 20
20 99
99 20
20 100
100 20
20 200
200 20
20 102
102 20
20 104
104 20
20 105
105 20
20 121
121 20
20 108
108 20
20 122
122 20
158 21
21 158
158 140
140 158
158 112
112 158
158 30
30 158
158 114
114 158
158 51
51 158
158 72
72 158
158 134
134 158
158 185
185 158
158 149
149 158
158 92
92 158
158 247
247 158
21 140
140 21
21 111
111 21
21 24
24 21
21 112
112 21
21 25
25 21
21 27
27 21
21 28
28 21
21 29
29 21
21 30
30 21
21 32
32 21
21 33
33 21
21 160
160 21
21 35
35 21
21 36
36 21
21 37
37 21
21 113
113 21
21 114
114 21
21 115
115 21
21 131
131 21
21 40
40 21
21 43
43 21
21 44
44 21
21 45
45 21
21 48
48 21
21 49
49 21
21 132
132 21
21 51
51 21
21 53
53 21
21 54
54 21
21 164
164 21
21 56
56 21
21 57
57 21
21 58
58 21
21 61
61 21
21 168
168 21
21 63
63 21
21 146
146 21
21 169
169 21
21 170
170 21
21 66
66 21
21 141
141 21
21 171
171 21
21 172
172 21
21 133
133 21
21 70
70 21
21 147
147 21
21 173
173 21
21 71
71 21
21 142
142 21
21 72
72 21
21 73
73 21
21 74
74 21
21 76
76 21
21 177
177 21
21 134
134 21
21 79
79 21
21 80
80 21
21 181
181 21
21 217
217 21
21 83
83 21
21 182
182 21
21 85
85 21
21 86
86 21
21 119
119 21
21 185
185 21
21 187
187 21
21 243
243 21
21 91
91 21
21 135
135 21
21 149
149 21
21 188
188 21
21 136
136 21
21 92
92 21
21 191
191 21
21 192
192 21
21 137
137 21
21 95
95 21
21 143
143 21
21 195
195 21
21 196
196 21
21 198
198 21
21 200
200 21
21 202
202 21
21 251
251 21
21 205
205 21
21 209
209 21
21 245
245 21
21 106
106 21
21 107
107 21
21 144
144 21
21 108
108 21
22 23
23 22
22 24
24 22
22 25
25 22
22 26
26 22
22 27
27 22
22 28
28 22
22 30
30 22
22 31
31 22
22 34
34 22
22 36
36 22
22 37
37 22
22 39
39 22
22 131
131 22
22 40
40 22
22 41
41 22
22 42
42 22
22 43
43 22
22 44
44 22
22 45
45 22
22 46
46 22
22 49
49 22
22 53
53 22
22 54
54 22
22 55
55 22
22 56
56 22
22 57
57 22
22 116
116 22
22 58
58 22
22 59
59 22
22 63
63 22
22 65
65 22
22 66
66 22
22 67
67 22
22 68
68 22
22 69
69 22
22 172
172 22
22 70
70 22
22 230
230 22
22 71
71 22
22 72
72 22
22 73
73 22
22 74
74 22
22 76
76 22
22 77
77 22
22 134
134 22
22 79
79 22
22 80
80 22
22 81
81 22
22 82
82 22
22 83
83 22
22 84
84 22
22 118
118 22
22 86
86 22
22 119
119 22
22 88
88 22
22 89
89 22
22 90
90 22
22 91
91 22
22 135
135 22
22 136
136 22
22 223
223 22
22 92
92 22
22 150
150 22
22 93
93 22
22 94
94 22
22 95
95 22
22 96
96 22
22 98
98 22
22 100
100 22
22 101
101 22
22 200
200 22
22 102
102 22
22 103
103 22
22 104
104 22
22 152
152 22
22 105
105 22
22 120
120 22
22 212
212 22
22 106
106 22
22 144
144 22
22 108
108 22
23 24
24 23
23 26
26 23
23 27
27 23
23 28
28 23
23 231
231 23
23 32
32 23
23 34
34 23
23 35
35 23
23 38
38 23
23 114
114 23
23 131
131 23
23 41
41 23
23 42
42 23
23 44
44 23
23 45
45 23
23 46
46 23
23 47
47 23
23 48
48 23
23 163
163 23
23 53
53 23
23 55
55 23
23 59
59 23
23 60
60 23
23 64
64 23
23 69
69 23
23 71
71 23
23 74
74 23
23 76
76 23
23 77
77 23
23 78
78 23
23 134
134 23
23 79
79 23
23 81
81 23
23 82
82 23
23 136
136 23
23 93
93 23
23 100
100 23
23 104
104 23
23 105
105 23
23 120
120 23
23 121
121 23
23 106
106 23
140 25
25 140
140 30
30 140
140 231
231 140
140 40
40 140
140 49
49 140
140 54
54 140
140 63
63 140
140 146
146 140
140 72
72 140
140 73
73 140
140 148
148 140
140 134
134 140
140 80
80 140
140 83
83 140
140 86
86 140
140 186
186 140
140 187
187 140
140 91
91 140
140 149
149 140
140 223
223 140
140 92
92 140
140 95
95 140
140 143
143 140
140 202
202 140
140 225
225 140
140 205
205 140
216 160
160 216
216 51
51 216
216 164
164 216
216 168
168 216
216 146
146 216
216 169
169 216
216 171
171 216
216 173
173 216
216 142
142 216
216 73
73 216
216 174
174 216
216 175
175 216
216 176
176 216
216 177
177 216
216 180
180 216
216 183
183 216
216 184
184 216
216 149
149 216
216 188
188 216
216 189
189 216
216 192
192 216
216 193
193 216
216 194
194 216
216 227
227 216
216 196
196 216
216 252
252 216
216 199
199 216
216 203
203 216
216 209
209 216
216 245
245 216
216 210
210 216
111 112
112 111
111 25
25 111
111 29
29 111
111 30
30 111
111 36
36 111
111 114
114 111
111 40
40 111
111 43
43 111
111 49
49 111
111 53
53 111
111 116
116 111
111 63
63 111
111 66
66 111
111 133
133 111
111 142
142 111
111 72
72 111
111 73
73 111
111 75
75 111
111 221
221 111
111 134
134 111
111 80
80 111
111 217
217 111
111 83
83 111
111 85
85 111
111 118
118 111
111 86
86 111
111 90
90 111
111 149
149 111
111 223
223 111
111 92
92 111
111 94
94 111
111 95
95 111
111 143
143 111
111 195
195 111
111 224
224 111
111 200
200 111
111 206
206 111
24 112
112 24
24 25
25 24
24 27
27 24
24 28
28 24
24 29
29 24
24 30
30 24
24 31
31 24
24 32
32 24
24 33
33 24
24 35
35 24
24 36
36 24
24 113
113 24
24 38
38 24
24 114
114 24
24 115
115 24
24 40
40 24
24 41
41 24
24 42
42 24
24 43
43 24
24 45
45 24
24 47
47 24
24 48
48 24
24 49
49 24
24 51
51 24
24 52
52 24
24 53
53 24
24 54
54 24
24 56
56 24
24 57
57 24
24 116
116 24
24 58
58 24
24 60
60 24
24 61
61 24
24 63
63 24
24 65
65 24
24 66
66 24
24 68
68 24
24 133
133 24
24 70
70 24
24 71
71 24
24 72
72 24
24 74
74 24
24 75
75 24
24 76
76 24
24 78
78 24
24 79
79 24
24 80
80 24
24 217
217 24
24 82
82 24
24 83
83 24
24 85
85 24
24 119
119 24
24 91
91 24
24 135
135 24
24 92
92 24
24 93
93 24
24 137
137 24
24 218
218 24
24 95
95 24
24 96
96 24
24 100
100 24
24 101
101 24
24 200
200 24
24 152
152 24
24 105
105 24
24 205
205 24
24 121
121 24
24 144
144 24
24 108
108 24
24 122
122 24
112 25
25 112
112 27
27 112
112 28
28 112
112 29
29 112
112 31
31 112
112 32
32 112
112 35
35 112
112 37
37 112
112 114
114 112
112 115
115 112
112 131
131 112
112 40
40 112
112 41
41 112
112 44
44 112
112 45
45 112
112 53
53 112
112 54
54 112
112 56
56 112
112 57
57 112
112 116
116 112
112 60
60 112
112 61
61 112
112 63
63 112
112 68
68 112
112 69
69 112
112 172
172 112
112 70
70 112
112 71
71 112
112 72
72 112
112 73
73 112
112 74
74 112
112 76
76 112
112 82
82 112
112 83
83 112
112 85
85 112
112 119
119 112
112 90
90 112
112 93
93 112
112 218
218 112
112 96
96 112
112 214
214 112
112 224
224 112
112 102
102 112
112 121
121 112
112 106
106 112
112 215
215 112
112 144
144 112
25 26
26 25
25 27
27 25
25 28
28 25
25 29
29 25
25 30
30 25
25 31
31 25
25 32
32 25
25 33
33 25
25 35
35 25
25 36
36 25
25 37
37 25
25 114
114 25
25 115
115 25
25 131
131 25
25 40
40 25
25 41
41 25
25 44
44 25
25 45
45 25
25 46
46 25
25 47
47 25
25 48
48 25
25 49
49 25
25 50
50 25
25 53
53 25
25 54
54 25
25 56
56 25
25 57
57 25
25 116
116 25
25 58
58 25
25 60
60 25
25 167
167 25
25 61
61 25
25 62
62 25
25 63
63 25
25 65
65 25
25 141
141 25
25 68
68 25
25 69
69 25
25 172
172 25
25 133
133 25
25 70
70 25
25 71
71 25
25 72
72 25
25 73
73 25
25 74
74 25
25 75
75 25
25 76
76 25
25 77
77 25
25 79
79 25
25 80
80 25
25 217
217 25
25 82
82 25
25 83
83 25
25 182
182 25
25 84
84 25
25 85
85 25
25 86
86 25
25 119
119 25
25 90
90 25
25 91
91 25
25 135
135 25
25 92
92 25
25 93
93 25
25 94
94 25
25 137
137 25
25 218
218 25
25 95
95 25
25 96
96 25
25 99
99 25
25 143
143 25
25 195
195 25
25 100
100 25
25 101
101 25
25 224
224 25
25 102
102 25
25 105
105 25
25 205
205 25
25 248
248 25
25 206
206 25
25 121
121 25
25 106
106 25
25 144
144 25
26 27
27 26
26 29
29 26
26 31
31 26
26 32
32 26
26 33
33 26
26 34
34 26
26 36
36 26
26 37
37 26
26 38
38 26
26 41
41 26
26 43
43 26
26 44
44 26
26 46
46 26
26 47
47 26
26 49
49 26
26 53
53 26
26 55
55 26
26 58
58 26
26 59
59 26
26 244
244 26
26 60
60 26
26 61
61 26
26 63
63 26
26 65
65 26
26 66
66 26
26 68
68 26
26 69
69 26
26 70
70 26
26 71
71 26
26 74
74 26
26 75
75 26
26 77
77 26
26 177
177 26
26 81
81 26
26 82
82 26
26 182
182 26
26 90
90 26
26 93
93 26
26 94
94 26
26 100
100 26
26 102
102 26
26 104
104 26
26 105
105 26
26 122
122 26
27 28
28 27
27 231
231 27
27 31
31 27
27 32
32 27
27 34
34 27
27 35
35 27
27 36
36 27
27 38
38 27
27 114
114 27
27 131
131 27
27 40
40 27
27 41
41 27
27 42
42 27
27 44
44 27
27 45
45 27
27 46
46 27
27 47
47 27
27 48
48 27
27 50
50 27
27 163
163 27
27 51
51 27
27 52
52 27
27 53
53 27
27 55
55 27
27 116
116 27
27 58
58 27
27 60
60 27
27 63
63 27
27 64
64 27
27 146
146 27
27 65
65 27
27 68
68 27
27 69
69 27
27 133
133 27
27 71
71 27
27 253
253 27
27 72
72 27
27 73
73 27
27 74
74 27
27 75
75 27
27 76
76 27
27 77
77 27
27 78
78 27
27 134
134 27
27 79
79 27
27 80
80 27
27 81
81 27
27 82
82 27
27 83
83 27
27 234
234 27
27 87
87 27
27 91
91 27
27 135
135 27
27 149
149 27
27 93
93 27
27 137
137 27
27 232
232 27
27 95
95 27
27 97
97 27
27 98
98 27
27 100
100 27
27 222
222 27
27 219
219 27
27 235
235 27
27 104
104 27
27 105
105 27
27 236
236 27
27 121
121 27
27 106
106 27
27 238
238 27
27 254
254 27
27 220
220 27
27 255
255 27
27 144
144 27
27 239
239 27
27 240
240 27
27 241
241 27
27 256
256 27
27 257
257 27
27 242
242 27
159 231
231 159
159 32
32 159
159 40
40 159
159 49
49 159
159 63
63 159
159 146
146 159
159 148
148 159
159 221
221 159
159 182
182 159
159 135
135 159
159 149
149 159
159 224
224 159
28 29
29 28
28 32
32 28
28 34
34 28
28 35
35 28
28 37
37 28
28 38
38 28
28 114
114 28
28 115
115 28
28 131
131 28
28 40
40 28
28 41
41 28
28 44
44 28
28 45
45 28
28 46
46 28
28 47
47 28
28 48
48 28
28 53
53 28
28 55
55 28
28 116
116 28
28 60
60 28
28 61
61 28
28 146
146 28
28 172
172 28
28 133
133 28
28 72
72 28
28 73
73 28
28 74
74 28
28 75
75 28
28 76
76 28
28 77
77 28
28 78
78 28
28 79
79 28
28 80
80 28
28 82
82 28
28 83
83 28
28 119
119 28
28 91
91 28
28 135
135 28
28 149
149 28
28 136
136 28
28 93
93 28
28 137
137 28
28 95
95 28
28 200
200 28
28 120
120 28
28 121
121 28
28 106
106 28
29 30
30 29
29 32
32 29
29 33
33 29
29 36
36 29
29 37
37 29
29 113
113 29
29 38
38 29
29 39
39 29
29 131
131 29
29 40
40 29
29 41
41 29
29 45
45 29
29 132
132 29
29 51
51 29
29 53
53 29
29 116
116 29
29 62
62 29
29 65
65 29
29 141
141 29
29 133
133 29
29 142
142 29
29 72
72 29
29 74
74 29
29 76
76 29
29 79
79 29
29 151
151 29
29 80
80 29
29 82
82 29
29 117
117 29
29 88
88 29
29 90
90 29
29 149
149 29
29 136
136 29
29 92
92 29
29 93
93 29
29 137
137 29
29 95
95 29
29 105
105 29
29 106
106 29
30 114
114 30
30 40
40 30
30 45
45 30
30 51
51 30
30 53
53 30
30 54
54 30
30 63
63 30
30 170
170 30
30 65
65 30
30 141
141 30
30 68
68 30
30 70
70 30
30 71
71 30
30 72
72 30
30 74
74 30
30 79
79 30
30 80
80 30
30 118
118 30
30 119
119 30
30 149
149 30
30 92
92 30
30 137
137 30
30 95
95 30
30 214
214 30
30 143
143 30
30 195
195 30
30 225
225 30
30 212
212 30
30 215
215 30
30 247
247 30
231 116
116 231
231 146
146 231
231 172
172 231
231 148
148 231
231 221
221 231
231 134
134 231
231 149
149 231
231 143
143 231
231 100
100 231
231 205
205 231
31 32
32 31
31 35
35 31
31 36
36 31
31 113
113 31
31 115
115 31
31 40
40 31
31 41
41 31
31 42
42 31
31 43
43 31
31 44
44 31
31 47
47 31
31 49
49 31
31 54
54 31
31 116
116 31
31 58
58 31
31 60
60 31
31 63
63 31
31 65
65 31
31 66
66 31
31 68
68 31
31 70
70 31
31 71
71 31
31 75
75 31
31 82
82 31
31 83
83 31
31 119
119 31
31 90
90 31
31 93
93 31
31 94
94 31
31 96
96 31
31 98
98 31
31 101
101 31
31 104
104 31
31 152
152 31
31 105
105 31
31 121
121 31
31 122
122 31
32 33
33 32
32 35
35 32
32 36
36 32
32 113
113 32
32 114
114 32
32 115
115 32
32 131
131 32
32 40
40 32
32 43
43 32
32 44
44 32
32 45
45 32
32 46
46 32
32 48
48 32
32 49
49 32
32 53
53 32
32 54
54 32
32 55
55 32
32 56
56 32
32 57
57 32
32 116
116 32
32 58
58 32
32 60
60 32
32 61
61 32
32 63
63 32
32 146
146 32
32 65
65 32
32 66
66 32
32 68
68 32
32 69
69 32
32 133
133 32
32 70
70 32
32 71
71 32
32 72
72 32
32 73
73 32
32 148
148 32
32 74
74 32
32 75
75 32
32 76
76 32
32 77
77 32
32 221
221 32
32 78
78 32
32 79
79 32
32 80
80 32
32 81
81 32
32 217
217 32
32 82
82 32
32 83
83 32
32 182
182 32
32 85
85 32
32 90
90 32
32 135
135 32
32 136
136 32
32 223
223 32
32 93
93 32
32 94
94 32
32 137
137 32
32 98
98 32
32 101
101 32
32 102
102 32
32 105
105 32
32 120
120 32
32 121
121 32
32 106
106 32
32 215
215 32
32 144
144 32
32 122
122 32
33 36
36 33
33 113
113 33
33 115
115 33
33 40
40 33
33 41
41 33
33 43
43 33
33 46
46 33
33 49
49 33
33 53
53 33
33 54
54 33
33 116
116 33
33 60
60 33
33 63
63 33
33 65
65 33
33 66
66 33
33 141
141 33
33 68
68 33
33 133
133 33
33 71
71 33
33 221
221 33
33 80
80 33
33 82
82 33
33 83
83 33
33 182
182 33
33 90
90 33
33 93
93 33
33 94
94 33
33 96
96 33
33 105
105 33
160 35
35 160
160 61
61 160
160 168
168 160
160 146
146 160
160 72
72 160
160 174
174 160
160 79
79 160
160 80
80 160
160 187
187 160
160 243
243 160
160 149
149 160
160 189
189 160
160 203
203 160
34 35
35 34
34 38
38 34
34 40
40 34
34 41
41 34
34 42
42 34
34 44
44 34
34 46
46 34
34 47
47 34
34 48
48 34
34 163
163 34
34 52
52 34
34 53
53 34
34 60
60 34
34 69
69 34
34 133
133 34
34 76
76 34
34 77
77 34
34 151
151 34
34 80
80 34
34 81
81 34
34 88
88 34
34 135
135 34
34 93
93 34
34 137
137 34
34 218
218 34
34 97
97 34
34 105
105 34
35 37
37 35
35 38
38 35
35 114
114 35
35 115
115 35
35 131
131 35
35 40
40 35
35 41
41 35
35 42
42 35
35 44
44 35
35 45
45 35
35 46
46 35
35 47
47 35
35 48
48 35
35 163
163 35
35 51
51 35
35 53
53 35
35 55
55 35
35 116
116 35
35 60
60 35
35 61
61 35
35 146
146 35
35 65
65 35
35 133
133 35
35 72
72 35
35 74
74 35
35 75
75 35
35 76
76 35
35 77
77 35
35 78
78 35
35 79
79 35
35 80
80 35
35 82
82 35
35 83
83 35
35 119
119 35
35 184
184 35
35 91
91 35
35 135
135 35
35 149
149 35
35 136
136 35
35 93
93 35
35 137
137 35
35 95
95 35
35 195
195 35
35 200
200 35
35 105
105 35
35 207
207 35
35 121
121 35
35 106
106 35
35 144
144 35
36 37
37 36
36 113
113 36
36 38
38 36
36 115
115 36
36 40
40 36
36 43
43 36
36 44
44 36
36 45
45 36
36 49
49 36
36 53
53 36
36 56
56 36
36 57
57 36
36 58
58 36
36 63
63 36
36 65
65 36
36 66
66 36
36 68
68 36
36 69
69 36
36 133
133 36
36 70
70 36
36 71
71 36
36 74
74 36
36 134
134 36
36 81
81 36
36 217
217 36
36 82
82 36
36 83
83 36
36 86
86 36
36 119
119 36
36 89
89 36
36 90
90 36
36 135
135 36
36 149
149 36
36 223
223 36
36 93
93 36
36 94
94 36
36 100
100 36
36 198
198 36
36 102
102 36
36 105
105 36
36 121
121 36
36 122
122 36
37 113
113 37
37 115
115 37
37 40
40 37
37 43
43 37
37 47
47 37
37 48
48 37
37 49
49 37
37 53
53 37
37 54
54 37
37 116
116 37
37 58
58 37
37 63
63 37
37 146
146 37
37 65
65 37
37 68
68 37
37 133
133 37
37 70
70 37
37 71
71 37
37 72
72 37
37 148
148 37
37 75
75 37
37 76
76 37
37 78
78 37
37 80
80 37
37 217
217 37
37 82
82 37
37 83
83 37
37 182
182 37
37 85
85 37
37 90
90 37
37 135
135 37
37 149
149 37
37 136
136 37
37 92
92 37
37 93
93 37
37 94
94 37
37 96
96 37
37 98
98 37
37 101
101 37
37 102
102 37
37 105
105 37
37 121
121 37
37 107
107 37
37 122
122 37
113 114
114 113
113 115
115 113
113 43
43 113
113 44
44 113
113 45
45 113
113 49
49 113
113 54
54 113
113 56
56 113
113 58
58 113
113 63
63 113
113 64
64 113
113 65
65 113
113 66
66 113
113 68
68 113
113 133
133 113
113 70
70 113
113 71
71 113
113 75
75 113
113 78
78 113
113 134
134 113
113 217
217 113
113 83
83 113
113 84
84 113
113 90
90 113
113 91
91 113
113 135
135 113
113 94
94 113
113 218
218 113
113 95
95 113
113 98
98 113
113 99
99 113
113 101
101 113
113 248
248 113
113 144
144 113
113 122
122 113
38 114
114 38
38 39
39 38
38 131
131 38
38 40
40 38
38 41
41 38
38 42
42 38
38 44
44 38
38 45
45 38
38 46
46 38
38 47
47 38
38 48
48 38
38 50
50 38
38 163
163 38
38 51
51 38
38 52
52 38
38 53
53 38
38 55
55 38
38 116
116 38
38 59
59 38
38 60
60 38
38 62
62 38
38 63
63 38
38 65
65 38
38 66
66 38
38 67
67 38
38 69
69 38
38 133
133 38
38 71
71 38
38 74
74 38
38 76
76 38
38 77
77 38
38 78
78 38
38 79
79 38
38 80
80 38
38 81
81 38
38 82
82 38
38 83
83 38
38 85
85 38
38 87
87 38
38 88
88 38
38 91
91 38
38 135
135 38
38 93
93 38
38 97
97 38
38 100
100 38
38 102
102 38
38 103
103 38
38 104
104 38
38 105
105 38
38 121
121 38
38 106
106 38
114 115
115 114
114 40
40 114
114 41
41 114
114 42
42 114
114 43
43 114
114 44
44 114
114 46
46 114
114 47
47 114
114 48
48 114
114 49
49 114
114 53
53 114
114 55
55 114
114 164
164 114
114 56
56 114
114 116
116 114
114 166
166 114
114 60
60 114
114 61
61 114
114 63
63 114
114 146
146 114
114 170
170 114
114 65
65 114
114 141
141 114
114 133
133 114
114 70
70 114
114 173
173 114
114 71
71 114
114 72
72 114
114 73
73 114
114 148
148 114
114 76
76 114
114 78
78 114
114 134
134 114
114 79
79 114
114 80
80 114
114 81
81 114
114 82
82 114
114 83
83 114
114 182
182 114
114 85
85 114
114 86
86 114
114 119
119 114
114 90
90 114
114 186
186 114
114 187
187 114
114 91
91 114
114 135
135 114
114 149
149 114
114 190
190 114
114 92
92 114
114 93
93 114
114 137
137 114
114 218
218 114
114 95
95 114
114 96
96 114
114 143
143 114
114 200
200 114
114 102
102 114
114 251
251 114
114 105
105 114
114 205
205 114
114 209
209 114
114 245
245 114
114 258
258 114
114 121
121 114
114 212
212 114
114 106
106 114
39 52
52 39
39 170
170 39
39 69
69 39
39 77
77 39
39 151
151 39
39 87
87 39
39 88
88 39
39 97
97 39
115 40
40 115
115 43
43 115
115 45
45 115
115 49
49 115
115 54
54 115
115 164
164 115
115 56
56 115
115 57
57 115
115 116
116 115
115 58
58 115
115 244
244 115
115 61
61 115
115 63
63 115
115 65
65 115
115 66
66 115
115 68
68 115
115 133
133 115
115 70
70 115
115 71
71 115
115 73
73 115
115 74
74 115
115 76
76 115
115 217
217 115
115 83
83 115
115 84
84 115
115 85
85 115
115 86
86 115
115 119
119 115
115 90
90 115
115 94
94 115
115 218
218 115
115 95
95 115
115 96
96 115
115 99
99 115
115 101
101 115
115 120
120 115
115 248
248 115
115 121
121 115
115 212
212 115
115 106
106 115
115 144
144 115
131 40
40 131
131 41
41 131
131 42
42 131
131 46
46 131
131 47
47 131
131 48
48 131
131 53
53 131
131 133
133 131
131 72
72 131
131 76
76 131
131 77
77 131
131 78
78 131
131 79
79 131
131 80
80 131
131 82
82 131
131 119
119 131
131 91
91 131
131 135
135 131
131 149
149 131
131 93
93 131
131 137
137 131
131 95
95 131
131 200
200 131
131 106
106 131
131 107
107 131
40 41
41 40
40 42
42 40
40 43
43 40
40 44
44 40
40 45
45 40
40 46
46 40
40 47
47 40
40 48
48 40
40 49
49 40
40 50
50 40
40 51
51 40
40 53
53 40
40 55
55 40
40 164
164 40
40 116
116 40
40 166
166 40
40 60
60 40
40 61
61 40
40 62
62 40
40 63
63 40
40 146
146 40
40 170
170 40
40 65
65 40
40 141
141 40
40 133
133 40
40 70
70 40
40 72
72 40
40 73
73 40
40 148
148 40
40 74
74 40
40 75
75 40
40 76
76 40
40 77
77 40
40 177
177 40
40 78
78 40
40 79
79 40
40 80
80 40
40 82
82 40
40 86
86 40
40 119
119 40
40 185
185 40
40 91
91 40
40 135
135 40
40 149
149 40
40 188
188 40
40 150
150 40
40 93
93 40
40 137
137 40
40 95
95 40
40 96
96 40
40 214
214 40
40 195
195 40
40 200
200 40
40 102
102 40
40 104
104 40
40 202
202 40
40 120
120 40
40 121
121 40
40 106
106 40
40 108
108 40
41 42
42 41
41 44
44 41
41 45
45 41
41 46
46 41
41 47
47 41
41 48
48 41
41 50
50 41
41 163
163 41
41 51
51 41
41 52
52 41
41 53
53 41
41 55
55 41
41 116
116 41
41 60
60 41
41 64
64 41
41 146
146 41
41 65
65 41
41 69
69 41
41 133
133 41
41 74
74 41
41 75
75 41
41 76
76 41
41 77
77 41
41 78
78 41
41 79
79 41
41 82
82 41
41 87
87 41
41 135
135 41
41 93
93 41
41 137
137 41
41 218
218 41
41 96
96 41
41 214
214 41
41 97
97 41
41 104
104 41
41 105
105 41
41 121
121 41
41 106
106 41
42 46
46 42
42 47
47 42
42 51
51 42
42 55
55 42
42 60
60 42
42 146
146 42
42 77
77 42
42 82
82 42
42 93
93 42
42 104
104 42
43 45
45 43
43 49
49 43
43 161
161 43
43 54
54 43
43 164
164 43
43 56
56 43
43 57
57 43
43 165
165 43
43 244
244 43
43 61
61 43
43 63
63 43
43 146
146 43
43 65
65 43
43 66
66 43
43 68
68 43
43 172
172 43
43 133
133 43
43 70
70 43
43 71
71 43
43 73
73 43
43 74
74 43
43 75
75 43
43 221
221 43
43 178
178 43
43 217
217 43
43 82
82 43
43 83
83 43
43 182
182 43
43 85
85 43
43 86
86 43
43 119
119 43
43 90
90 43
43 186
186 43
43 149
149 43
43 188
188 43
43 93
93 43
43 94
94 43
43 218
218 43
43 193
193 43
43 95
95 43
43 101
101 43
43 197
197 43
43 203
203 43
43 105
105 43
43 248
248 43
43 245
245 43
43 246
246 43
43 121
121 43
43 249
249 43
43 144
144 43
44 45
45 44
44 46
46 44
44 47
47 44
44 48
48 44
44 163
163 44
44 51
51 44
44 53
53 44
44 55
55 44
44 116
116 44
44 62
62 44
44 64
64 44
44 65
65 44
44 68
68 44
44 69
69 44
44 133
133 44
44 72
72 44
44 74
74 44
44 76
76 44
44 77
77 44
44 78
78 44
44 134
134 44
44 79
79 44
44 80
80 44
44 81
81 44
44 82
82 44
44 83
83 44
44 91
91 44
44 135
135 44
44 93
93 44
44 137
137 44
44 96
96 44
44 97
97 44
44 100
100 44
44 103
103 44
44 104
104 44
44 105
105 44
44 121
121 44
44 106
106 44
45 47
47 45
45 48
48 45
45 49
49 45
45 132
132 45
45 53
53 45
